--------------------------------
Select: input_order Choice: indomain_reverse_split Option: restart NV: 50 NC: 250 D: 9
--------------------------------
[[-12, -15, 27, 32, -35, 36], [-7, 10, 13, 14], [3, 9, -15, 18, -20, -43, 47], [2, 6, -11, 17, 50], [4, -19, 28, -35, -50], [16, -40, 42], [1, -9, 16, 36, -41, 49], [-6, -28, -49], [-21], [-2, 8, 27, 42, -46], [4, -13, -14, -24, 25, -36, -48], [3, -23, -27, -37, -46], [], [-26, -43, -48, -49], [2, -4, -12, -15, 17, -30], [10, -22, 32, 38, -39, -47], [17, 23, 32, 36, -40, 41], [5, -14, 27, 32, -37], [11, 12, 16, -34, 41, -42], [28, 38, 44], [-36], [-11], [11, 14, -48], [11, 30, -46], [-4, -8, -27, 47], [], [1, 2, -12, -31, -49], [6, -29, -32, -39, 42], [-24, -40, 42, 50], [-9, -18, -21, 32, 35, 39, -43], [19], [5, 26, 35], [6, 18, -22, -39, 47], [-8, -18, -27, 28, 36], [3, -42], [-1, -2, 27, 38, -42], [-23, 26, -29, 30], [-14, -17, -29, -36, -39, -47], [1, -7, -12, 15, -19], [-11, -22, 26, -36, 39], [9, 20, 23, 38, 43], [-1, 3, -10, 13, -38, 39], [-4, 10, 16], [-25, -31, -40, 45], [10, 29, -38, 50], [15], [3, 14, 20, 27, 37, -38, 42], [15, 25, 27, 28, -48], [11, 16, 42, 43, -45], [26, 41], [-17, 19], [-5, -35, 46, 50], [28, -29, 30], [-3, 4, 6, 7, -36, 44], [-6, 7, 13, 17, -18, -20, 25, -27, -33], [-5, -27, 35, -37, 50], [9, 14, -42], [-16, -37], [-10, 14], [7, -17, 25, -28, -32, -37, 42, 47], [4, 9, 12, -13, 15, 17, 28, 46], [21, -33, -39], [-33, 37, -48], [-2], [13, -49], [32, -39], [13, 27, -32, 35], [-4, -36], [-2, 5, -15, -41], [-4, 23, -27, 30, 34, 35], [-8, -15, 21], [-17, 19, -23, 31], [18, -19, 20, -33, 34, 40, -46], [-11, -15, -22, 40, -44], [-6, 21, 27, -32, -44], [-42], [3, -6, 7, -32, -46], [5, -12, 13, -15, 18, 25], [2, -3, -20, -27, -28, 42, 43, -49], [5, 8, -34, -41], [-2, -3, 5, 14, 29, -30, -32, 47], [-31, 35], [3, 11, -20, -22, 25, -28, -30, -44], [20, 37, 44], [1, 6, -15, 29, 35], [25, 33, 44], [-1, 5, 11, 40, 41, 48], [-11, 23], [-4, -9, -20, 23, -38, -39], [-8, -14, 36, -42, 49], [-19, -42, -49], [7, -20, 22, -27, -38, 39], [5, -17, -20], [21, 35, -43], [-20, -21, -39, 46], [-1, 7, -14, -15, 41, -49], [-1, -2, 12], [10, -22], [-6, 8, 20, 24, -26, -37, 41, 42, 48], [-2, -7, -32, 44, 48, -50], [1, 19, 45], [1, 21, -37, 39, -42], [5, 9, 12], [3, -8, -28, -34, -47, -48], [-3, -9, -18, -33], [-5, -14, 21], [3, -9, -15], [-14, -17, 23, -39, 41, -45, 47, 48], [14, 19, -35, -41, -50], [], [4, -7, -8, 19, 35, -39], [-23, -34], [3, -15, -31], [-3, 7, 13, 31, 32, -33, 42, 45], [1, -7, -41, -49], [-11, 36], [-11, 20, 29, -44], [36, -45, 47], [-4, -23, -33], [-19, 29, -39, -42, -48], [-5, -8, -14, 38, -40, -47], [-5, -6, 32, -50], [-12, -33], [-1, 2, -8, 10, -12, -15, 20, 24, 30, 41], [-32], [-35, -42, -43, 50], [-13, 22, -36, 39, 45], [-14, -20], [1, 38, 40], [7, 10, 25, 33, 43], [4, -11, 23, 29, -41], [22, 31, 35, -43, -48], [-7, -12, -26, -30, -46, -50], [-18, -25, -36], [-24, -39, -48], [5, -24, -31, -33, 39, 40], [3, -4, -40], [14, -26, 30, -33], [5, -22, 47], [-8, -11, 19, -37], [-17, 28, 38, 40, -46], [-4, -36, 42], [18, 29, 33], [7, 13, 44], [4, -7, 21], [-6, 18, -45, -47, 48], [-9, 20, 31], [1, -23, 33, -38, 42, -44], [-1, 6, 36, 40], [2, 16, -18, 29], [23, 34, 45, -49], [-10, -11, 17, -19, -33, -35, 44], [11, 26, 29, -40, 41, 45, 46], [-14, -16, -45], [2, 9, -21, 31], [11, -18, -21, 27, 32], [-12, -14, -31, -46], [-6, 15, 41, -42, -46], [16, -35], [3, 13, -14], [-44], [19], [10, 12, -38], [-2, 5, -15, -27, -42, 50], [20, -21, -27, -28, -31], [3, 6, 9, 34, 44, -47, -48], [-10, 16, 38], [1, -4, 9, -10, -13, 44, -49], [-4, -8, 12, 18, 32, -49, 50], [8, -32], [-3, -20], [-21, 33, -37, -48], [-49], [-7, 49], [3, -27, 45, 46], [3, 6, -16, 24, 38, 43], [1, -37, 41, 48], [30, -35, -36, -43], [7, 18, 39, 40, -41, 44], [-21, -36, 38], [9, -12, 13, 23, 26, 29, 42, 45], [-4, -9, 12, -22, 29, -46], [16, 18, 21, -28], [2, 10, 13, 35], [-28], [8, 9, 17], [26, 28, -40], [-3, 20, 24, -25, 32, 40, -41, -44, 45], [-3, 14, -27, -32, 35, -41, -42], [10, -28, 42, 44], [28, 34, 36, 50], [12, 27, 44], [-1], [19, 46], [3, 24, -25, -34, 49], [1, 25], [-4, -7, -14, -29, 40, 48], [-3, -7, 10, -23, 50], [-1, -21], [-9, -12, 20, -30, 43], [1, 3, -18, -24, 37], [-7, -15, -19, -26, -29], [11, 21, 32, 46], [16, 21], [7, -47], [1, 15, -16, -27, 40, 46], [10, 13, 14, 25, -28, 31, -38], [-23, 42], [1, -6, 17, -25], [7, -20, 44], [17, 24, 28], [-16, -18, -27, 38], [-2, 25, 28, 30], [-32, 39], [-1, 24, -42, 43], [-16, 31, -33, -34, 46], [-8, -9, 14, -16, -19, 21, -33, -50], [1, -12, 18, -37, -44], [5, -26, -28], [-27, -46], [6, 29, 33, 38, -48], [-11, -26, 29, -35, -48], [-10, -36, 49], [-5, 13, 34, 37, 44, 46, -50], [6, 11, -24, -43, 44, -47], [-7, 15, -20, -22, 35, -49], [23, -31, -43, 45], [1, 43], [-8, 11, 16, -31, -36, 38, 45], [-5, -15, -27, 35], [26, -36, 42, -48, -49], [6, -13, -24], [9, -14, -40, 43], [-18, 28, -30, -31, 34, 43], [3, 12, 29, -34, -44], [-2, -19, 43], [8, 23, -43, 45], [-12, -33, 36, -42], [10, -13, -16], [11, -23, -33, 49], [19, -22, 28, -42, 48], [-4, -22, 34, -35, 42], [-3, -9, 17, -39, 40], [-23, -29], [-16, -35], [4, 12, -17, -46], [16], [-1, -9, 14, -19], [14, -22, -30, -43], [-3, 8, 18]]
Found a solution with cost 6
Found a solution with cost 5
Found no solution with cost 3.0 .. 4.0
Time: 0.0671332379999967 secs.


--------------------------------
Select: input_order Choice: outdomain_min Option: dichotomic NV: 50 NC: 250 D: 9
--------------------------------
[[-12, -15, 27, 32, -35, 36], [-7, 10, 13, 14], [3, 9, -15, 18, -20, -43, 47], [2, 6, -11, 17, 50], [4, -19, 28, -35, -50], [16, -40, 42], [1, -9, 16, 36, -41, 49], [-6, -28, -49], [-21], [-2, 8, 27, 42, -46], [4, -13, -14, -24, 25, -36, -48], [3, -23, -27, -37, -46], [], [-26, -43, -48, -49], [2, -4, -12, -15, 17, -30], [10, -22, 32, 38, -39, -47], [17, 23, 32, 36, -40, 41], [5, -14, 27, 32, -37], [11, 12, 16, -34, 41, -42], [28, 38, 44], [-36], [-11], [11, 14, -48], [11, 30, -46], [-4, -8, -27, 47], [], [1, 2, -12, -31, -49], [6, -29, -32, -39, 42], [-24, -40, 42, 50], [-9, -18, -21, 32, 35, 39, -43], [19], [5, 26, 35], [6, 18, -22, -39, 47], [-8, -18, -27, 28, 36], [3, -42], [-1, -2, 27, 38, -42], [-23, 26, -29, 30], [-14, -17, -29, -36, -39, -47], [1, -7, -12, 15, -19], [-11, -22, 26, -36, 39], [9, 20, 23, 38, 43], [-1, 3, -10, 13, -38, 39], [-4, 10, 16], [-25, -31, -40, 45], [10, 29, -38, 50], [15], [3, 14, 20, 27, 37, -38, 42], [15, 25, 27, 28, -48], [11, 16, 42, 43, -45], [26, 41], [-17, 19], [-5, -35, 46, 50], [28, -29, 30], [-3, 4, 6, 7, -36, 44], [-6, 7, 13, 17, -18, -20, 25, -27, -33], [-5, -27, 35, -37, 50], [9, 14, -42], [-16, -37], [-10, 14], [7, -17, 25, -28, -32, -37, 42, 47], [4, 9, 12, -13, 15, 17, 28, 46], [21, -33, -39], [-33, 37, -48], [-2], [13, -49], [32, -39], [13, 27, -32, 35], [-4, -36], [-2, 5, -15, -41], [-4, 23, -27, 30, 34, 35], [-8, -15, 21], [-17, 19, -23, 31], [18, -19, 20, -33, 34, 40, -46], [-11, -15, -22, 40, -44], [-6, 21, 27, -32, -44], [-42], [3, -6, 7, -32, -46], [5, -12, 13, -15, 18, 25], [2, -3, -20, -27, -28, 42, 43, -49], [5, 8, -34, -41], [-2, -3, 5, 14, 29, -30, -32, 47], [-31, 35], [3, 11, -20, -22, 25, -28, -30, -44], [20, 37, 44], [1, 6, -15, 29, 35], [25, 33, 44], [-1, 5, 11, 40, 41, 48], [-11, 23], [-4, -9, -20, 23, -38, -39], [-8, -14, 36, -42, 49], [-19, -42, -49], [7, -20, 22, -27, -38, 39], [5, -17, -20], [21, 35, -43], [-20, -21, -39, 46], [-1, 7, -14, -15, 41, -49], [-1, -2, 12], [10, -22], [-6, 8, 20, 24, -26, -37, 41, 42, 48], [-2, -7, -32, 44, 48, -50], [1, 19, 45], [1, 21, -37, 39, -42], [5, 9, 12], [3, -8, -28, -34, -47, -48], [-3, -9, -18, -33], [-5, -14, 21], [3, -9, -15], [-14, -17, 23, -39, 41, -45, 47, 48], [14, 19, -35, -41, -50], [], [4, -7, -8, 19, 35, -39], [-23, -34], [3, -15, -31], [-3, 7, 13, 31, 32, -33, 42, 45], [1, -7, -41, -49], [-11, 36], [-11, 20, 29, -44], [36, -45, 47], [-4, -23, -33], [-19, 29, -39, -42, -48], [-5, -8, -14, 38, -40, -47], [-5, -6, 32, -50], [-12, -33], [-1, 2, -8, 10, -12, -15, 20, 24, 30, 41], [-32], [-35, -42, -43, 50], [-13, 22, -36, 39, 45], [-14, -20], [1, 38, 40], [7, 10, 25, 33, 43], [4, -11, 23, 29, -41], [22, 31, 35, -43, -48], [-7, -12, -26, -30, -46, -50], [-18, -25, -36], [-24, -39, -48], [5, -24, -31, -33, 39, 40], [3, -4, -40], [14, -26, 30, -33], [5, -22, 47], [-8, -11, 19, -37], [-17, 28, 38, 40, -46], [-4, -36, 42], [18, 29, 33], [7, 13, 44], [4, -7, 21], [-6, 18, -45, -47, 48], [-9, 20, 31], [1, -23, 33, -38, 42, -44], [-1, 6, 36, 40], [2, 16, -18, 29], [23, 34, 45, -49], [-10, -11, 17, -19, -33, -35, 44], [11, 26, 29, -40, 41, 45, 46], [-14, -16, -45], [2, 9, -21, 31], [11, -18, -21, 27, 32], [-12, -14, -31, -46], [-6, 15, 41, -42, -46], [16, -35], [3, 13, -14], [-44], [19], [10, 12, -38], [-2, 5, -15, -27, -42, 50], [20, -21, -27, -28, -31], [3, 6, 9, 34, 44, -47, -48], [-10, 16, 38], [1, -4, 9, -10, -13, 44, -49], [-4, -8, 12, 18, 32, -49, 50], [8, -32], [-3, -20], [-21, 33, -37, -48], [-49], [-7, 49], [3, -27, 45, 46], [3, 6, -16, 24, 38, 43], [1, -37, 41, 48], [30, -35, -36, -43], [7, 18, 39, 40, -41, 44], [-21, -36, 38], [9, -12, 13, 23, 26, 29, 42, 45], [-4, -9, 12, -22, 29, -46], [16, 18, 21, -28], [2, 10, 13, 35], [-28], [8, 9, 17], [26, 28, -40], [-3, 20, 24, -25, 32, 40, -41, -44, 45], [-3, 14, -27, -32, 35, -41, -42], [10, -28, 42, 44], [28, 34, 36, 50], [12, 27, 44], [-1], [19, 46], [3, 24, -25, -34, 49], [1, 25], [-4, -7, -14, -29, 40, 48], [-3, -7, 10, -23, 50], [-1, -21], [-9, -12, 20, -30, 43], [1, 3, -18, -24, 37], [-7, -15, -19, -26, -29], [11, 21, 32, 46], [16, 21], [7, -47], [1, 15, -16, -27, 40, 46], [10, 13, 14, 25, -28, 31, -38], [-23, 42], [1, -6, 17, -25], [7, -20, 44], [17, 24, 28], [-16, -18, -27, 38], [-2, 25, 28, 30], [-32, 39], [-1, 24, -42, 43], [-16, 31, -33, -34, 46], [-8, -9, 14, -16, -19, 21, -33, -50], [1, -12, 18, -37, -44], [5, -26, -28], [-27, -46], [6, 29, 33, 38, -48], [-11, -26, 29, -35, -48], [-10, -36, 49], [-5, 13, 34, 37, 44, 46, -50], [6, 11, -24, -43, 44, -47], [-7, 15, -20, -22, 35, -49], [23, -31, -43, 45], [1, 43], [-8, 11, 16, -31, -36, 38, 45], [-5, -15, -27, 35], [26, -36, 42, -48, -49], [6, -13, -24], [9, -14, -40, 43], [-18, 28, -30, -31, 34, 43], [3, 12, 29, -34, -44], [-2, -19, 43], [8, 23, -43, 45], [-12, -33, 36, -42], [10, -13, -16], [11, -23, -33, 49], [19, -22, 28, -42, 48], [-4, -22, 34, -35, 42], [-3, -9, 17, -39, 40], [-23, -29], [-16, -35], [4, 12, -17, -46], [16], [-1, -9, 14, -19], [14, -22, -30, -43], [-3, 8, 18]]
Found a solution with cost 6
Found no solution with cost 3.0 .. 4.5
Found a solution with cost 5
Time: 0.0674608180000007 secs.

--------------------------------
Select: input_order Choice: outdomain_min Option: restart NV: 50 NC: 250 D: 9
--------------------------------
[[-12, -15, 27, 32, -35, 36], [-7, 10, 13, 14], [3, 9, -15, 18, -20, -43, 47], [2, 6, -11, 17, 50], [4, -19, 28, -35, -50], [16, -40, 42], [1, -9, 16, 36, -41, 49], [-6, -28, -49], [-21], [-2, 8, 27, 42, -46], [4, -13, -14, -24, 25, -36, -48], [3, -23, -27, -37, -46], [], [-26, -43, -48, -49], [2, -4, -12, -15, 17, -30], [10, -22, 32, 38, -39, -47], [17, 23, 32, 36, -40, 41], [5, -14, 27, 32, -37], [11, 12, 16, -34, 41, -42], [28, 38, 44], [-36], [-11], [11, 14, -48], [11, 30, -46], [-4, -8, -27, 47], [], [1, 2, -12, -31, -49], [6, -29, -32, -39, 42], [-24, -40, 42, 50], [-9, -18, -21, 32, 35, 39, -43], [19], [5, 26, 35], [6, 18, -22, -39, 47], [-8, -18, -27, 28, 36], [3, -42], [-1, -2, 27, 38, -42], [-23, 26, -29, 30], [-14, -17, -29, -36, -39, -47], [1, -7, -12, 15, -19], [-11, -22, 26, -36, 39], [9, 20, 23, 38, 43], [-1, 3, -10, 13, -38, 39], [-4, 10, 16], [-25, -31, -40, 45], [10, 29, -38, 50], [15], [3, 14, 20, 27, 37, -38, 42], [15, 25, 27, 28, -48], [11, 16, 42, 43, -45], [26, 41], [-17, 19], [-5, -35, 46, 50], [28, -29, 30], [-3, 4, 6, 7, -36, 44], [-6, 7, 13, 17, -18, -20, 25, -27, -33], [-5, -27, 35, -37, 50], [9, 14, -42], [-16, -37], [-10, 14], [7, -17, 25, -28, -32, -37, 42, 47], [4, 9, 12, -13, 15, 17, 28, 46], [21, -33, -39], [-33, 37, -48], [-2], [13, -49], [32, -39], [13, 27, -32, 35], [-4, -36], [-2, 5, -15, -41], [-4, 23, -27, 30, 34, 35], [-8, -15, 21], [-17, 19, -23, 31], [18, -19, 20, -33, 34, 40, -46], [-11, -15, -22, 40, -44], [-6, 21, 27, -32, -44], [-42], [3, -6, 7, -32, -46], [5, -12, 13, -15, 18, 25], [2, -3, -20, -27, -28, 42, 43, -49], [5, 8, -34, -41], [-2, -3, 5, 14, 29, -30, -32, 47], [-31, 35], [3, 11, -20, -22, 25, -28, -30, -44], [20, 37, 44], [1, 6, -15, 29, 35], [25, 33, 44], [-1, 5, 11, 40, 41, 48], [-11, 23], [-4, -9, -20, 23, -38, -39], [-8, -14, 36, -42, 49], [-19, -42, -49], [7, -20, 22, -27, -38, 39], [5, -17, -20], [21, 35, -43], [-20, -21, -39, 46], [-1, 7, -14, -15, 41, -49], [-1, -2, 12], [10, -22], [-6, 8, 20, 24, -26, -37, 41, 42, 48], [-2, -7, -32, 44, 48, -50], [1, 19, 45], [1, 21, -37, 39, -42], [5, 9, 12], [3, -8, -28, -34, -47, -48], [-3, -9, -18, -33], [-5, -14, 21], [3, -9, -15], [-14, -17, 23, -39, 41, -45, 47, 48], [14, 19, -35, -41, -50], [], [4, -7, -8, 19, 35, -39], [-23, -34], [3, -15, -31], [-3, 7, 13, 31, 32, -33, 42, 45], [1, -7, -41, -49], [-11, 36], [-11, 20, 29, -44], [36, -45, 47], [-4, -23, -33], [-19, 29, -39, -42, -48], [-5, -8, -14, 38, -40, -47], [-5, -6, 32, -50], [-12, -33], [-1, 2, -8, 10, -12, -15, 20, 24, 30, 41], [-32], [-35, -42, -43, 50], [-13, 22, -36, 39, 45], [-14, -20], [1, 38, 40], [7, 10, 25, 33, 43], [4, -11, 23, 29, -41], [22, 31, 35, -43, -48], [-7, -12, -26, -30, -46, -50], [-18, -25, -36], [-24, -39, -48], [5, -24, -31, -33, 39, 40], [3, -4, -40], [14, -26, 30, -33], [5, -22, 47], [-8, -11, 19, -37], [-17, 28, 38, 40, -46], [-4, -36, 42], [18, 29, 33], [7, 13, 44], [4, -7, 21], [-6, 18, -45, -47, 48], [-9, 20, 31], [1, -23, 33, -38, 42, -44], [-1, 6, 36, 40], [2, 16, -18, 29], [23, 34, 45, -49], [-10, -11, 17, -19, -33, -35, 44], [11, 26, 29, -40, 41, 45, 46], [-14, -16, -45], [2, 9, -21, 31], [11, -18, -21, 27, 32], [-12, -14, -31, -46], [-6, 15, 41, -42, -46], [16, -35], [3, 13, -14], [-44], [19], [10, 12, -38], [-2, 5, -15, -27, -42, 50], [20, -21, -27, -28, -31], [3, 6, 9, 34, 44, -47, -48], [-10, 16, 38], [1, -4, 9, -10, -13, 44, -49], [-4, -8, 12, 18, 32, -49, 50], [8, -32], [-3, -20], [-21, 33, -37, -48], [-49], [-7, 49], [3, -27, 45, 46], [3, 6, -16, 24, 38, 43], [1, -37, 41, 48], [30, -35, -36, -43], [7, 18, 39, 40, -41, 44], [-21, -36, 38], [9, -12, 13, 23, 26, 29, 42, 45], [-4, -9, 12, -22, 29, -46], [16, 18, 21, -28], [2, 10, 13, 35], [-28], [8, 9, 17], [26, 28, -40], [-3, 20, 24, -25, 32, 40, -41, -44, 45], [-3, 14, -27, -32, 35, -41, -42], [10, -28, 42, 44], [28, 34, 36, 50], [12, 27, 44], [-1], [19, 46], [3, 24, -25, -34, 49], [1, 25], [-4, -7, -14, -29, 40, 48], [-3, -7, 10, -23, 50], [-1, -21], [-9, -12, 20, -30, 43], [1, 3, -18, -24, 37], [-7, -15, -19, -26, -29], [11, 21, 32, 46], [16, 21], [7, -47], [1, 15, -16, -27, 40, 46], [10, 13, 14, 25, -28, 31, -38], [-23, 42], [1, -6, 17, -25], [7, -20, 44], [17, 24, 28], [-16, -18, -27, 38], [-2, 25, 28, 30], [-32, 39], [-1, 24, -42, 43], [-16, 31, -33, -34, 46], [-8, -9, 14, -16, -19, 21, -33, -50], [1, -12, 18, -37, -44], [5, -26, -28], [-27, -46], [6, 29, 33, 38, -48], [-11, -26, 29, -35, -48], [-10, -36, 49], [-5, 13, 34, 37, 44, 46, -50], [6, 11, -24, -43, 44, -47], [-7, 15, -20, -22, 35, -49], [23, -31, -43, 45], [1, 43], [-8, 11, 16, -31, -36, 38, 45], [-5, -15, -27, 35], [26, -36, 42, -48, -49], [6, -13, -24], [9, -14, -40, 43], [-18, 28, -30, -31, 34, 43], [3, 12, 29, -34, -44], [-2, -19, 43], [8, 23, -43, 45], [-12, -33, 36, -42], [10, -13, -16], [11, -23, -33, 49], [19, -22, 28, -42, 48], [-4, -22, 34, -35, 42], [-3, -9, 17, -39, 40], [-23, -29], [-16, -35], [4, 12, -17, -46], [16], [-1, -9, 14, -19], [14, -22, -30, -43], [-3, 8, 18]]
Found a solution with cost 6
Found a solution with cost 5
Found no solution with cost 3.0 .. 4.0
Time: 0.0676205489999973 secs.

--------------------------------
Select: input_order Choice: indomain_reverse_split Option: step NV: 50 NC: 250 D: 9
--------------------------------
[[-12, -15, 27, 32, -35, 36], [-7, 10, 13, 14], [3, 9, -15, 18, -20, -43, 47], [2, 6, -11, 17, 50], [4, -19, 28, -35, -50], [16, -40, 42], [1, -9, 16, 36, -41, 49], [-6, -28, -49], [-21], [-2, 8, 27, 42, -46], [4, -13, -14, -24, 25, -36, -48], [3, -23, -27, -37, -46], [], [-26, -43, -48, -49], [2, -4, -12, -15, 17, -30], [10, -22, 32, 38, -39, -47], [17, 23, 32, 36, -40, 41], [5, -14, 27, 32, -37], [11, 12, 16, -34, 41, -42], [28, 38, 44], [-36], [-11], [11, 14, -48], [11, 30, -46], [-4, -8, -27, 47], [], [1, 2, -12, -31, -49], [6, -29, -32, -39, 42], [-24, -40, 42, 50], [-9, -18, -21, 32, 35, 39, -43], [19], [5, 26, 35], [6, 18, -22, -39, 47], [-8, -18, -27, 28, 36], [3, -42], [-1, -2, 27, 38, -42], [-23, 26, -29, 30], [-14, -17, -29, -36, -39, -47], [1, -7, -12, 15, -19], [-11, -22, 26, -36, 39], [9, 20, 23, 38, 43], [-1, 3, -10, 13, -38, 39], [-4, 10, 16], [-25, -31, -40, 45], [10, 29, -38, 50], [15], [3, 14, 20, 27, 37, -38, 42], [15, 25, 27, 28, -48], [11, 16, 42, 43, -45], [26, 41], [-17, 19], [-5, -35, 46, 50], [28, -29, 30], [-3, 4, 6, 7, -36, 44], [-6, 7, 13, 17, -18, -20, 25, -27, -33], [-5, -27, 35, -37, 50], [9, 14, -42], [-16, -37], [-10, 14], [7, -17, 25, -28, -32, -37, 42, 47], [4, 9, 12, -13, 15, 17, 28, 46], [21, -33, -39], [-33, 37, -48], [-2], [13, -49], [32, -39], [13, 27, -32, 35], [-4, -36], [-2, 5, -15, -41], [-4, 23, -27, 30, 34, 35], [-8, -15, 21], [-17, 19, -23, 31], [18, -19, 20, -33, 34, 40, -46], [-11, -15, -22, 40, -44], [-6, 21, 27, -32, -44], [-42], [3, -6, 7, -32, -46], [5, -12, 13, -15, 18, 25], [2, -3, -20, -27, -28, 42, 43, -49], [5, 8, -34, -41], [-2, -3, 5, 14, 29, -30, -32, 47], [-31, 35], [3, 11, -20, -22, 25, -28, -30, -44], [20, 37, 44], [1, 6, -15, 29, 35], [25, 33, 44], [-1, 5, 11, 40, 41, 48], [-11, 23], [-4, -9, -20, 23, -38, -39], [-8, -14, 36, -42, 49], [-19, -42, -49], [7, -20, 22, -27, -38, 39], [5, -17, -20], [21, 35, -43], [-20, -21, -39, 46], [-1, 7, -14, -15, 41, -49], [-1, -2, 12], [10, -22], [-6, 8, 20, 24, -26, -37, 41, 42, 48], [-2, -7, -32, 44, 48, -50], [1, 19, 45], [1, 21, -37, 39, -42], [5, 9, 12], [3, -8, -28, -34, -47, -48], [-3, -9, -18, -33], [-5, -14, 21], [3, -9, -15], [-14, -17, 23, -39, 41, -45, 47, 48], [14, 19, -35, -41, -50], [], [4, -7, -8, 19, 35, -39], [-23, -34], [3, -15, -31], [-3, 7, 13, 31, 32, -33, 42, 45], [1, -7, -41, -49], [-11, 36], [-11, 20, 29, -44], [36, -45, 47], [-4, -23, -33], [-19, 29, -39, -42, -48], [-5, -8, -14, 38, -40, -47], [-5, -6, 32, -50], [-12, -33], [-1, 2, -8, 10, -12, -15, 20, 24, 30, 41], [-32], [-35, -42, -43, 50], [-13, 22, -36, 39, 45], [-14, -20], [1, 38, 40], [7, 10, 25, 33, 43], [4, -11, 23, 29, -41], [22, 31, 35, -43, -48], [-7, -12, -26, -30, -46, -50], [-18, -25, -36], [-24, -39, -48], [5, -24, -31, -33, 39, 40], [3, -4, -40], [14, -26, 30, -33], [5, -22, 47], [-8, -11, 19, -37], [-17, 28, 38, 40, -46], [-4, -36, 42], [18, 29, 33], [7, 13, 44], [4, -7, 21], [-6, 18, -45, -47, 48], [-9, 20, 31], [1, -23, 33, -38, 42, -44], [-1, 6, 36, 40], [2, 16, -18, 29], [23, 34, 45, -49], [-10, -11, 17, -19, -33, -35, 44], [11, 26, 29, -40, 41, 45, 46], [-14, -16, -45], [2, 9, -21, 31], [11, -18, -21, 27, 32], [-12, -14, -31, -46], [-6, 15, 41, -42, -46], [16, -35], [3, 13, -14], [-44], [19], [10, 12, -38], [-2, 5, -15, -27, -42, 50], [20, -21, -27, -28, -31], [3, 6, 9, 34, 44, -47, -48], [-10, 16, 38], [1, -4, 9, -10, -13, 44, -49], [-4, -8, 12, 18, 32, -49, 50], [8, -32], [-3, -20], [-21, 33, -37, -48], [-49], [-7, 49], [3, -27, 45, 46], [3, 6, -16, 24, 38, 43], [1, -37, 41, 48], [30, -35, -36, -43], [7, 18, 39, 40, -41, 44], [-21, -36, 38], [9, -12, 13, 23, 26, 29, 42, 45], [-4, -9, 12, -22, 29, -46], [16, 18, 21, -28], [2, 10, 13, 35], [-28], [8, 9, 17], [26, 28, -40], [-3, 20, 24, -25, 32, 40, -41, -44, 45], [-3, 14, -27, -32, 35, -41, -42], [10, -28, 42, 44], [28, 34, 36, 50], [12, 27, 44], [-1], [19, 46], [3, 24, -25, -34, 49], [1, 25], [-4, -7, -14, -29, 40, 48], [-3, -7, 10, -23, 50], [-1, -21], [-9, -12, 20, -30, 43], [1, 3, -18, -24, 37], [-7, -15, -19, -26, -29], [11, 21, 32, 46], [16, 21], [7, -47], [1, 15, -16, -27, 40, 46], [10, 13, 14, 25, -28, 31, -38], [-23, 42], [1, -6, 17, -25], [7, -20, 44], [17, 24, 28], [-16, -18, -27, 38], [-2, 25, 28, 30], [-32, 39], [-1, 24, -42, 43], [-16, 31, -33, -34, 46], [-8, -9, 14, -16, -19, 21, -33, -50], [1, -12, 18, -37, -44], [5, -26, -28], [-27, -46], [6, 29, 33, 38, -48], [-11, -26, 29, -35, -48], [-10, -36, 49], [-5, 13, 34, 37, 44, 46, -50], [6, 11, -24, -43, 44, -47], [-7, 15, -20, -22, 35, -49], [23, -31, -43, 45], [1, 43], [-8, 11, 16, -31, -36, 38, 45], [-5, -15, -27, 35], [26, -36, 42, -48, -49], [6, -13, -24], [9, -14, -40, 43], [-18, 28, -30, -31, 34, 43], [3, 12, 29, -34, -44], [-2, -19, 43], [8, 23, -43, 45], [-12, -33, 36, -42], [10, -13, -16], [11, -23, -33, 49], [19, -22, 28, -42, 48], [-4, -22, 34, -35, 42], [-3, -9, 17, -39, 40], [-23, -29], [-16, -35], [4, 12, -17, -46], [16], [-1, -9, 14, -19], [14, -22, -30, -43], [-3, 8, 18]]
Found a solution with cost 6
Found a solution with cost 5
Found no solution with cost 3.0 .. 4.0
Time: 0.0679708639999888 secs.

--------------------------------
Select: input_order Choice: indomain_reverse_split Option: continue NV: 50 NC: 250 D: 9
--------------------------------
[[-12, -15, 27, 32, -35, 36], [-7, 10, 13, 14], [3, 9, -15, 18, -20, -43, 47], [2, 6, -11, 17, 50], [4, -19, 28, -35, -50], [16, -40, 42], [1, -9, 16, 36, -41, 49], [-6, -28, -49], [-21], [-2, 8, 27, 42, -46], [4, -13, -14, -24, 25, -36, -48], [3, -23, -27, -37, -46], [], [-26, -43, -48, -49], [2, -4, -12, -15, 17, -30], [10, -22, 32, 38, -39, -47], [17, 23, 32, 36, -40, 41], [5, -14, 27, 32, -37], [11, 12, 16, -34, 41, -42], [28, 38, 44], [-36], [-11], [11, 14, -48], [11, 30, -46], [-4, -8, -27, 47], [], [1, 2, -12, -31, -49], [6, -29, -32, -39, 42], [-24, -40, 42, 50], [-9, -18, -21, 32, 35, 39, -43], [19], [5, 26, 35], [6, 18, -22, -39, 47], [-8, -18, -27, 28, 36], [3, -42], [-1, -2, 27, 38, -42], [-23, 26, -29, 30], [-14, -17, -29, -36, -39, -47], [1, -7, -12, 15, -19], [-11, -22, 26, -36, 39], [9, 20, 23, 38, 43], [-1, 3, -10, 13, -38, 39], [-4, 10, 16], [-25, -31, -40, 45], [10, 29, -38, 50], [15], [3, 14, 20, 27, 37, -38, 42], [15, 25, 27, 28, -48], [11, 16, 42, 43, -45], [26, 41], [-17, 19], [-5, -35, 46, 50], [28, -29, 30], [-3, 4, 6, 7, -36, 44], [-6, 7, 13, 17, -18, -20, 25, -27, -33], [-5, -27, 35, -37, 50], [9, 14, -42], [-16, -37], [-10, 14], [7, -17, 25, -28, -32, -37, 42, 47], [4, 9, 12, -13, 15, 17, 28, 46], [21, -33, -39], [-33, 37, -48], [-2], [13, -49], [32, -39], [13, 27, -32, 35], [-4, -36], [-2, 5, -15, -41], [-4, 23, -27, 30, 34, 35], [-8, -15, 21], [-17, 19, -23, 31], [18, -19, 20, -33, 34, 40, -46], [-11, -15, -22, 40, -44], [-6, 21, 27, -32, -44], [-42], [3, -6, 7, -32, -46], [5, -12, 13, -15, 18, 25], [2, -3, -20, -27, -28, 42, 43, -49], [5, 8, -34, -41], [-2, -3, 5, 14, 29, -30, -32, 47], [-31, 35], [3, 11, -20, -22, 25, -28, -30, -44], [20, 37, 44], [1, 6, -15, 29, 35], [25, 33, 44], [-1, 5, 11, 40, 41, 48], [-11, 23], [-4, -9, -20, 23, -38, -39], [-8, -14, 36, -42, 49], [-19, -42, -49], [7, -20, 22, -27, -38, 39], [5, -17, -20], [21, 35, -43], [-20, -21, -39, 46], [-1, 7, -14, -15, 41, -49], [-1, -2, 12], [10, -22], [-6, 8, 20, 24, -26, -37, 41, 42, 48], [-2, -7, -32, 44, 48, -50], [1, 19, 45], [1, 21, -37, 39, -42], [5, 9, 12], [3, -8, -28, -34, -47, -48], [-3, -9, -18, -33], [-5, -14, 21], [3, -9, -15], [-14, -17, 23, -39, 41, -45, 47, 48], [14, 19, -35, -41, -50], [], [4, -7, -8, 19, 35, -39], [-23, -34], [3, -15, -31], [-3, 7, 13, 31, 32, -33, 42, 45], [1, -7, -41, -49], [-11, 36], [-11, 20, 29, -44], [36, -45, 47], [-4, -23, -33], [-19, 29, -39, -42, -48], [-5, -8, -14, 38, -40, -47], [-5, -6, 32, -50], [-12, -33], [-1, 2, -8, 10, -12, -15, 20, 24, 30, 41], [-32], [-35, -42, -43, 50], [-13, 22, -36, 39, 45], [-14, -20], [1, 38, 40], [7, 10, 25, 33, 43], [4, -11, 23, 29, -41], [22, 31, 35, -43, -48], [-7, -12, -26, -30, -46, -50], [-18, -25, -36], [-24, -39, -48], [5, -24, -31, -33, 39, 40], [3, -4, -40], [14, -26, 30, -33], [5, -22, 47], [-8, -11, 19, -37], [-17, 28, 38, 40, -46], [-4, -36, 42], [18, 29, 33], [7, 13, 44], [4, -7, 21], [-6, 18, -45, -47, 48], [-9, 20, 31], [1, -23, 33, -38, 42, -44], [-1, 6, 36, 40], [2, 16, -18, 29], [23, 34, 45, -49], [-10, -11, 17, -19, -33, -35, 44], [11, 26, 29, -40, 41, 45, 46], [-14, -16, -45], [2, 9, -21, 31], [11, -18, -21, 27, 32], [-12, -14, -31, -46], [-6, 15, 41, -42, -46], [16, -35], [3, 13, -14], [-44], [19], [10, 12, -38], [-2, 5, -15, -27, -42, 50], [20, -21, -27, -28, -31], [3, 6, 9, 34, 44, -47, -48], [-10, 16, 38], [1, -4, 9, -10, -13, 44, -49], [-4, -8, 12, 18, 32, -49, 50], [8, -32], [-3, -20], [-21, 33, -37, -48], [-49], [-7, 49], [3, -27, 45, 46], [3, 6, -16, 24, 38, 43], [1, -37, 41, 48], [30, -35, -36, -43], [7, 18, 39, 40, -41, 44], [-21, -36, 38], [9, -12, 13, 23, 26, 29, 42, 45], [-4, -9, 12, -22, 29, -46], [16, 18, 21, -28], [2, 10, 13, 35], [-28], [8, 9, 17], [26, 28, -40], [-3, 20, 24, -25, 32, 40, -41, -44, 45], [-3, 14, -27, -32, 35, -41, -42], [10, -28, 42, 44], [28, 34, 36, 50], [12, 27, 44], [-1], [19, 46], [3, 24, -25, -34, 49], [1, 25], [-4, -7, -14, -29, 40, 48], [-3, -7, 10, -23, 50], [-1, -21], [-9, -12, 20, -30, 43], [1, 3, -18, -24, 37], [-7, -15, -19, -26, -29], [11, 21, 32, 46], [16, 21], [7, -47], [1, 15, -16, -27, 40, 46], [10, 13, 14, 25, -28, 31, -38], [-23, 42], [1, -6, 17, -25], [7, -20, 44], [17, 24, 28], [-16, -18, -27, 38], [-2, 25, 28, 30], [-32, 39], [-1, 24, -42, 43], [-16, 31, -33, -34, 46], [-8, -9, 14, -16, -19, 21, -33, -50], [1, -12, 18, -37, -44], [5, -26, -28], [-27, -46], [6, 29, 33, 38, -48], [-11, -26, 29, -35, -48], [-10, -36, 49], [-5, 13, 34, 37, 44, 46, -50], [6, 11, -24, -43, 44, -47], [-7, 15, -20, -22, 35, -49], [23, -31, -43, 45], [1, 43], [-8, 11, 16, -31, -36, 38, 45], [-5, -15, -27, 35], [26, -36, 42, -48, -49], [6, -13, -24], [9, -14, -40, 43], [-18, 28, -30, -31, 34, 43], [3, 12, 29, -34, -44], [-2, -19, 43], [8, 23, -43, 45], [-12, -33, 36, -42], [10, -13, -16], [11, -23, -33, 49], [19, -22, 28, -42, 48], [-4, -22, 34, -35, 42], [-3, -9, 17, -39, 40], [-23, -29], [-16, -35], [4, 12, -17, -46], [16], [-1, -9, 14, -19], [14, -22, -30, -43], [-3, 8, 18]]
Found a solution with cost 6
Found a solution with cost 5
Found no solution with cost 3.0 .. 4.0
Time: 0.0692036359999975 secs.